1	473
2	464
3	464
4	466
5	467
6	464
7	464
8	467
9	470
10	472
11	472
12	468
13	470
14	469
15	473
16	473
17	468
18	468
19	473
20	471
21	473
22	468
23	468
24	469
25	464
26	465
27	469
28	467
29	464
30	464
31	467
32	467
33	466
34	472
35	470
36	468
37	469
38	473
39	470
40	470
41	470
42	473
43	473
44	472
45	471
46	462
47	464
48	467
49	467
50	467
51	468
52	468
53	468
54	468
55	471
56	468
57	470
58	468
59	471
60	471
61	468
62	473
63	470
64	464
65	468
66	464
67	466
68	468
69	466
70	464
71	468
72	467
73	468
74	471
75	473
76	470
77	472
78	468
79	473
80	468
81	470
82	473
83	465
84	465
85	468
86	468
87	468
88	468
89	467
90	464
91	467
92	472
93	470
94	469
95	471
96	472
97	472
98	471
99	468
100	461
101	468
102	467
103	466
104	468
105	466
106	468
107	468
108	467
109	471
110	471
111	470
112	468
113	472
114	471
115	473
116	470
117	473
118	473
119	469
120	471
121	473
122	473
123	472
124	468
125	469
126	471
127	473
128	467
129	467
130	466
131	469
132	464
133	466
134	465
135	468
136	471
137	469
138	473
139	471
140	473
141	471
142	470
143	468
144	473
145	472
146	466
147	463
148	468
149	464
150	464
151	466
152	464
153	467
154	470
155	471
156	468
157	470
158	470
159	471
160	471
161	470
162	468
163	471
164	473
165	465
166	462
167	464
168	468
169	467
170	467
171	468
172	468
173	468
174	467
175	464
176	464
177	471
178	469
179	471
180	468
181	468
182	473
183	473
184	471
185	468
186	473
187	470
188	469
189	467
190	465
191	468
192	468
193	465
194	468
195	465
196	467
197	465
198	466
199	468
200	467
201	468
202	468
203	472
204	473
205	472
206	471
207	471
208	468
209	471
210	471
211	470
212	468
213	470
214	465
215	466
216	468
217	467
218	470
219	469
220	470
221	468
222	470
223	465
224	466
225	468
226	466
227	467
228	466
229	468
230	464
231	470
232	472
233	468
234	469
235	471
236	471
237	471
238	470
239	468
240	471
241	466
242	467
243	464
244	465
245	468
246	468
247	469
248	467
249	468
250	467
251	468
252	472
253	473
254	471
255	470
256	472
257	469
258	472
259	470
260	473
261	464
262	464
263	464
264	462
265	466
266	466
267	465
268	465
269	466
270	464
271	467
272	469
273	469
274	472
275	473
276	473
277	473
278	469
279	473
280	471
281	469
282	468
283	472
284	462
285	465
286	468
287	467
288	464
289	464
290	469
291	466
292	468
293	469
294	467
295	467
296	467
297	467
298	472
299	472
300	469
301	470
302	472
303	471
304	471
305	471
306	472
307	472
308	464
309	464
310	467
311	467
312	469
313	469
314	464
315	464
316	468
317	467
318	470
319	470
320	469
321	470
322	471
323	468
324	473
325	471
326	469
327	474
328	464
329	464
330	464
331	467
332	468
333	467
334	467
335	466
336	468
337	468
338	464
339	464
340	464
341	467
342	468
343	468
344	467
345	473
346	473
347	472
348	472
349	472
350	470
351	468
352	471
353	466
354	465
355	468
356	468
357	464
358	466
359	469
360	468
361	468
362	468
363	464
364	469
365	470
366	468
367	470
368	471
369	471
370	472
371	465
372	468
373	468
374	464
375	465
376	466
377	465
378	464
379	468
380	469
381	471
382	472
383	470
384	471
385	468
386	472
387	468
388	470
389	467
390	467
391	467
392	468
393	464
394	471
395	472
396	472
397	470
398	470
399	469
400	472
401	462
402	468
403	467
404	467
405	469
406	468
407	468
408	464
409	466
410	466
411	466
412	467
413	473
414	471
415	470
416	472
417	471
418	469
419	470
420	472
421	465
422	462
423	466
424	466
425	468
426	466
427	468
428	467
429	467
430	466
431	463
432	472
433	470
434	469
435	470
436	472
437	471
438	472
439	470
440	469
441	467
442	462
443	466
444	468
445	466
446	466
447	468
448	468
449	468
450	464
451	466
452	466
453	467
454	466
455	464
456	471
457	470
458	473
459	468
460	470
461	470
462	468
463	471
464	470
465	466
466	464
467	464
468	467
469	468
470	468
471	467
472	468
473	468
474	469
475	468
476	466
477	467
478	466
479	468
480	466
481	471
482	470
483	472
484	470
485	470
486	470
487	472
488	472
489	472
490	474
491	464
492	467
493	466
494	464
495	468
496	468
497	468
498	464
499	468
500	469
501	468
502	469
503	473
504	471
505	470
506	469
507	468
508	473
509	472
510	472
511	470
512	465
513	466
514	467
515	468
516	468
517	468
518	466
519	469
520	466
521	468
522	468
523	465
524	468
525	464
526	472
527	470
528	468
529	471
530	470
531	468
532	470
533	465
534	464
535	464
536	466
537	468
538	464
539	469
540	468
541	468
542	467
543	468
544	469
545	468
546	468
547	471
548	472
549	471
550	469
551	469
552	470
553	470
554	471
555	473
556	464
557	465
558	467
559	465
560	467
561	466
562	464
563	464
564	468
565	466
566	470
567	471
568	470
569	468
570	472
571	468
572	472
573	473
574	468
575	472
576	473
577	470
578	473
579	474
580	466
581	467
582	467
583	467
584	464
585	467
586	466
587	464
588	466
589	466
590	467
591	466
592	465
593	472
594	471
595	472
596	473
597	467
598	462
599	467
600	468
601	466
602	464
603	467
604	470
605	468
606	472
607	468
608	470
609	473
610	469
611	472
612	468
613	472
614	470
615	471
616	467
617	464
618	467
619	468
620	468
621	466
622	467
623	465
624	466
625	467
626	472
627	473
628	470
629	471
630	473
631	470
632	471
633	471
634	473
635	470
636	472
637	470
638	471
639	470
640	467
641	465
642	465
643	468
644	468
645	467
646	465
647	468
648	467
649	467
650	470
651	469
652	473
653	472
654	471
655	473
656	473
657	472
658	470
659	470
660	472
661	468
662	472
663	472
664	464
665	465
666	468
667	468
668	467
669	465
670	468
671	468
672	468
673	471
674	471
675	470
676	471
677	471
678	472
679	470
680	472
681	464
682	465
683	464
684	466
685	464
686	468
687	464
688	467
689	464
690	468
691	464
692	469
693	469
694	468
695	470
696	469
697	471
698	471
699	470
700	468
701	467
702	464
703	465
704	465
705	466
706	467
707	464
708	465
709	468
710	471
711	473
712	471
713	470
714	470
715	469
716	470
717	473
718	471
719	464
720	464
721	466
722	468
723	466
724	465
725	464
726	467
727	466
728	466
729	468
730	466
731	466
732	468
733	464
734	468
735	473
736	470
737	471
738	470
739	473
740	470
741	472
742	472
743	462
744	467
745	464
746	468
747	468
748	465
749	468
750	467
751	469
752	473
753	470
754	472
755	472
756	472
757	472
758	468
759	470
760	471
761	467
762	462
763	465
764	466
765	467
766	465
767	465
768	467
769	467
770	465
771	468
772	464
773	473
774	468
775	470
776	472
777	467
778	473
779	472
780	472
781	466
782	463
783	466
784	468
785	468
786	468
787	466
788	468
789	468
790	468
791	466
792	470
793	469
794	469
795	471
796	470
797	471
798	468
799	471
800	472
801	473
802	466
803	465
804	465
805	468
806	468
807	463
808	468
809	470
810	471
811	473
812	470
813	470
814	469
815	470
816	473
817	470
818	464
819	464
820	468
821	466
822	468
823	467
824	468
825	464
826	470
827	472
828	473
829	470
830	471
831	471
832	470
833	467
834	468
835	471
836	472
837	468
838	468
839	468
840	467
841	468
842	470
843	470
844	471
845	471
846	472
847	470
848	473
849	470
850	472
851	470
852	471
853	474
854	470
855	465
856	465
857	464
858	469
859	468
860	468
861	468
862	468
863	470
864	469
865	469
866	468
867	471
868	467
869	468
870	470
871	473
872	466
873	467
874	464
875	466
876	466
877	468
878	468
879	466
880	466
881	466
882	465
883	468
884	466
885	464
886	472
887	469
888	468
889	468
890	471
891	471
892	464
893	467
894	467
895	468
896	464
897	468
898	469
899	473
900	473
901	471
902	470
903	472
904	468
905	464
906	464
907	468
908	466
909	464
910	465
911	464
912	467
913	468
914	464
915	465
916	464
917	465
918	466
919	472
920	471
921	468
922	468
923	471
924	472
925	473
926	472
927	468
928	470
929	472
930	472
931	474
932	464
933	467
934	465
935	469
936	464
937	468
938	468
939	468
940	466
941	468
942	467
943	470
944	471
945	472
946	470
947	473
948	471
949	473
950	470
951	471
952	471
953	467
954	469
955	472
956	467
957	462
958	464
959	467
960	467
961	468
962	467
963	468
964	468
965	468
966	468
967	468
968	467
969	473
970	472
971	472
972	470
973	468
974	473
975	472
976	471
977	474
978	466
979	465
980	466
981	466
982	467
983	466
984	466
985	468
986	467
987	465
988	466
989	466
990	467
991	469
992	472
993	472
994	470
995	471
996	472
997	471
998	470
999	466
1000	465
1001	464
1002	467
1003	468
1004	466
1005	466
1006	468
1007	468
1008	466
1009	468
1010	471
1011	472
1012	472
1013	468
1014	470
1015	471
1016	473
1017	471
1018	468
1019	472
1020	471
1021	470
1022	472
1023	466
1024	462
1025	468
1026	467
1027	467
1028	466
1029	466
1030	468
1031	465
1032	466
1033	466
1034	467
1035	472
1036	468
1037	470
1038	470
1039	471
1040	472
1041	469
1042	471
1043	472
1044	469
1045	471
1046	473
1047	464
1048	464
1049	465
1050	467
1051	468
1052	468
1053	468
1054	470
1055	471
1056	473
1057	473
1058	470
1059	473
1060	473
1061	471
1062	467
1063	471
1064	471
1065	472
1066	469
1067	473
1068	469
1069	468
1070	465
1071	465
1072	469
1073	468
1074	467
1075	472
1076	471
1077	471
1078	470
1079	472
1080	472
1081	468
1082	471
1083	473
1084	472
1085	464
1086	467
1087	465
1088	468
1089	468
1090	468
1091	468
1092	467
1093	467
1094	467
1095	466
1096	468
1097	468
1098	471
1099	472
1100	472
1101	473
1102	473
1103	468
1104	471
1105	468
1106	472
1107	474
1108	462
1109	467
1110	468
1111	468
1112	468
1113	468
1114	468
1115	467
1116	466
1117	466
1118	465
1119	466
1120	470
1121	471
1122	470
1123	473
1124	472
1125	473
1126	469
1127	467
1128	468
1129	471
1130	471
1131	470
1132	474
1133	464
1134	468
1135	464
1136	464
1137	464
1138	464
1139	467
1140	470
1141	468
1142	473
1143	468
1144	470
1145	471
1146	468
1147	472
1148	469
1149	464
1150	464
1151	467
1152	468
1153	468
1154	464
1155	468
1156	467
1157	464
1158	466
1159	466
1160	464
1161	468
1162	469
1163	469
1164	468
1165	470
1166	473
1167	467
1168	472
1169	468
1170	472
1171	471
1172	473
1173	466
1174	468
1175	467
1176	466
1177	465
1178	467
1179	469
1180	469
1181	472
1182	470
1183	473
1184	469
1185	471
1186	471
1187	469
1188	470
1189	471
1190	470
1191	471
1192	469
1193	470
1194	465
1195	465
1196	469
1197	466
1198	467
1199	468
1200	468
1201	471
1202	469
1203	469
1204	472
1205	468
1206	472
1207	472
1208	470
1209	468
1210	473
1211	465
1212	466
1213	469
1214	468
1215	468
1216	468
1217	468
1218	468
1219	464
1220	468
1221	468
1222	470
1223	472
1224	470
1225	472
1226	472
1227	473
1228	465
1229	462
1230	468
1231	467
1232	466
1233	467
1234	468
1235	464
1236	468
1237	467
1238	467
1239	468
1240	471
1241	470
1242	468
1243	470
1244	470
1245	473
1246	467
1247	464
1248	464
1249	466
1250	466
1251	464
1252	466
1253	467
1254	468
1255	468
1256	467
1257	464
1258	468
1259	469
1260	468
1261	472
1262	469
1263	468
1264	472
1265	471
1266	469
1267	470
1268	471
1269	470
1270	471
1271	466
1272	462
1273	467
1274	464
1275	467
1276	464
1277	466
1278	466
1279	468
1280	467
1281	468
1282	465
1283	468
1284	469
1285	473
1286	473
1287	468
1288	469
1289	469
1290	473
1291	472
1292	470
1293	473
1294	472
1295	462
1296	462
1297	462
1298	467
1299	467
1300	464
1301	467
1302	467
1303	470
1304	472
1305	470
1306	472
1307	469
1308	470
1309	470
1310	470
1311	464
1312	468
1313	467
1314	468
1315	464
1316	468
1317	466
1318	466
1319	468
1320	469
1321	469
1322	470
1323	473
1324	470
1325	470
1326	468
1327	470
1328	468
1329	466
1330	466
1331	465
1332	466
1333	469
1334	467
1335	465
1336	466
1337	467
1338	467
1339	466
1340	472
1341	468
1342	470
1343	471
1344	473
1345	473
1346	468
1347	472
1348	471
1349	464
1350	467
1351	468
1352	467
1353	468
1354	468
1355	466
1356	467
1357	465
1358	468
1359	466
1360	470
1361	470
1362	470
1363	470
1364	470
1365	471
1366	469
1367	472
1368	473
1369	471
1370	471
1371	473
1372	472
1373	473
1374	465
1375	462
1376	462
1377	466
1378	468
1379	468
1380	468
1381	468
1382	467
1383	467
1384	470
1385	472
1386	472
1387	470
1388	471
1389	471
1390	471
1391	468
1392	472
1393	466
1394	468
1395	468
1396	468
1397	467
1398	467
1399	468
1400	471
1401	468
1402	468
1403	472
1404	469
1405	470
1406	473
1407	470
1408	472
1409	471
1410	471
1411	472
1412	468
1413	474
1414	462
1415	466
1416	464
1417	468
1418	466
1419	468
1420	468
1421	472
1422	469
1423	469
1424	473
1425	470
1426	464
1427	464
1428	468
1429	467
1430	467
1431	467
1432	466
1433	464
1434	466
1435	466
1436	466
1437	467
1438	472
1439	471
1440	471
1441	472
1442	470
1443	471
1444	472
1445	472
1446	464
1447	464
1448	467
1449	466
1450	467
1451	466
1452	466
1453	468
1454	468
1455	467
1456	468
1457	468
1458	468
1459	472
1460	473
1461	471
1462	469
1463	471
1464	471
1465	467
1466	468
1467	468
1468	465
1469	468
1470	467
1471	468
1472	466
1473	468
1474	468
1475	468
1476	472
1477	470
1478	473
1479	468
1480	471
1481	471
1482	470
1483	471
1484	471
1485	472
1486	468
1487	468
1488	466
1489	469
1490	467
1491	466
1492	470
1493	471
1494	472
1495	472
1496	469
1497	473
1498	469
1499	468
1500	471
1501	470
1502	473
1503	472
1504	467
1505	468
1506	466
1507	468
1508	466
1509	468
1510	468
1511	466
1512	464
1513	470
1514	470
1515	468
1516	472
1517	469
1518	473
1519	470
1520	471
1521	472
1522	471
1523	471
1524	470
1525	467
1526	464
1527	464
1528	467
1529	470
1530	472
1531	468
1532	470
1533	472
1534	473
1535	468
1536	467
1537	467
1538	464
1539	467
1540	464
1541	469
1542	470
1543	468
1544	469
1545	473
1546	473
1547	470
1548	470
1549	470
1550	466
1551	467
1552	467
1553	465
1554	464
1555	468
1556	465
1557	465
1558	468
1559	472
1560	469
1561	470
1562	472
1563	473
1564	466
1565	464
1566	466
1567	467
1568	467
1569	469
1570	467
1571	466
1572	466
1573	470
1574	472
1575	470
1576	472
1577	473
1578	472
1579	471
1580	471
1581	466
1582	464
1583	467
1584	464
1585	466
1586	467
1587	467
1588	468
1589	472
1590	469
1591	470
1592	470
1593	470
1594	470
1595	470
1596	472
1597	470
1598	471
1599	471
1600	470
1601	472
1602	465
1603	466
1604	467
1605	468
1606	467
1607	466
1608	466
1609	468
1610	466
1611	470
1612	471
1613	472
1614	468
1615	468
1616	471
1617	471
1618	470
1619	472
1620	471
1621	472
1622	466
1623	464
1624	464
1625	464
1626	466
1627	468
1628	467
1629	470
1630	470
1631	470
1632	469
1633	470
1634	472
1635	473
1636	471
1637	471
1638	472
1639	473
1640	466
1641	467
1642	465
1643	468
1644	464
1645	468
1646	466
1647	464
1648	467
1649	463
1650	468
1651	471
1652	472
1653	473
1654	467
1655	469
1656	473
1657	461
1658	468
1659	465
1660	468
1661	468
1662	464
1663	464
1664	466
1665	467
1666	472
1667	470
1668	470
1669	472
1670	470
1671	468
1672	470
1673	470
1674	472
1675	473
1676	474
1677	467
1678	466
1679	466
1680	467
1681	466
1682	464
1683	468
1684	466
1685	466
1686	470
1687	472
1688	471
1689	470
1690	472
1691	471
1692	464
1693	466
1694	464
1695	467
1696	465
1697	466
1698	464
1699	467
1700	468
1701	464
1702	465
1703	465
1704	466
1705	470
1706	472
1707	468
1708	473
1709	473
1710	473
1711	469
1712	471
1713	470
1714	470
1715	471
1716	469
1717	470
1718	473
1719	471
1720	467
1721	468
1722	468
1723	468
1724	466
1725	464
1726	469
1727	469
1728	472
1729	470
1730	470
1731	469
1732	472
1733	468
1734	469
1735	468
1736	468
1737	471
1738	470
1739	468
1740	464
1741	464
1742	468
1743	468
1744	465
1745	466
1746	464
1747	467
1748	470
1749	473
1750	473
1751	472
1752	467
1753	468
1754	471
1755	470
1756	468
1757	462
1758	464
1759	467
1760	465
1761	466
1762	467
1763	467
1764	467
1765	471
1766	471
1767	468
1768	469
1769	471
1770	471
1771	471
1772	473
1773	470
1774	471
1775	473
1776	471
1777	467
1778	464
1779	467
1780	464
1781	464
1782	466
1783	466
1784	466
1785	468
1786	464
1787	466
1788	468
1789	469
1790	472
1791	472
1792	469
1793	472
1794	470
1795	473
1796	472
1797	472
1798	470
1799	464
1800	468
1801	467
1802	464
1803	468
1804	466
1805	467
1806	468
1807	464
1808	467
1809	468
1810	467
1811	468
1812	469
1813	472
1814	469
1815	469
1816	471
1817	470
1818	470
1819	473
1820	473
1821	465
1822	467
1823	464
1824	467
1825	466
1826	466
1827	468
1828	468
1829	463
1830	467
1831	468
1832	467
1833	467
1834	468
1835	472
1836	470
1837	471
1838	470
1839	469
1840	471
1841	470
1842	473
1843	472
1844	472
1845	470
1846	473
1847	471
1848	473
1849	472
1850	470
1851	465
1852	463
1853	465
1854	464
1855	466
1856	466
1857	464
1858	468
1859	466
1860	467
1861	466
1862	467
1863	468
1864	468
1865	464
1866	466
1867	473
1868	471
1869	470
1870	470
1871	471
1872	473
1873	470
1874	466
1875	466
1876	467
1877	466
1878	467
1879	467
1880	464
1881	468
1882	469
1883	468
1884	470
1885	470
1886	465
1887	467
1888	467
1889	464
1890	468
1891	468
1892	468
1893	468
1894	464
1895	466
1896	471
1897	469
1898	472
1899	472
1900	469
1901	472
1902	473
1903	470
1904	470
1905	473
1906	473
1907	468
1908	472
1909	474
1910	465
1911	469
1912	466
1913	468
1914	469
1915	465
1916	466
1917	469
1918	471
1919	472
1920	473
1921	470
1922	469
1923	471
1924	470
1925	469
1926	471
1927	470
1928	467
1929	468
1930	468
1931	468
1932	466
1933	470
1934	470
1935	468
1936	473
1937	471
1938	470
1939	472
1940	473
1941	472
1942	470
1943	470
1944	464
1945	464
1946	469
1947	467
1948	467
1949	467
1950	468
1951	468
1952	468
1953	472
1954	470
1955	471
1956	473
1957	473
1958	471
1959	468
1960	471
1961	470
1962	473
1963	473
1964	473
1965	463
1966	468
1967	468
1968	464
1969	468
1970	468
1971	468
1972	464
1973	469
1974	466
1975	468
1976	467
1977	469
1978	473
1979	469
1980	473
1981	472
1982	470
1983	471
1984	462
1985	462
1986	467
1987	468
1988	466
1989	464
1990	468
1991	468
1992	468
1993	468
1994	468
1995	469
1996	471
1997	471
1998	472
1999	472
2000	473
2001	472
2002	473
2003	472
2004	470
2005	472
2006	468
2007	472
2008	467
2009	464
2010	464
2011	466
2012	465
2013	466
2014	468
2015	468
2016	466
2017	465
2018	469
2019	467
2020	466
2021	467
2022	468
2023	468
2024	468
2025	472
2026	473
2027	472
2028	471
2029	471
2030	472
2031	470
2032	468
2033	467
2034	464
2035	467
2036	468
2037	467
2038	468
2039	467
2040	466
2041	467
2042	463
2043	469
2044	468
2045	469
2046	470
2047	471
2048	472
2049	470
2050	472
2051	468
2052	465
2053	465
2054	468
2055	469
2056	467
2057	468
2058	466
2059	470
2060	472
2061	468
2062	468
2063	471
2064	469
2065	472
2066	473
2067	468
2068	473
2069	472
2070	474
2071	468
2072	464
2073	466
2074	466
2075	468
2076	467
2077	468
2078	470
2079	469
2080	469
2081	471
2082	468
2083	472
2084	472
2085	472
2086	470
2087	468
2088	470
2089	468
2090	464
2091	440
2092	467
2093	464
2094	464
2095	464
2096	465
2097	468
2098	466
2099	465
2100	465
2101	463
2102	466
2103	467
2104	472
2105	469
2106	470
2107	469
2108	469
2109	469
2110	473
2111	471
2112	471
2113	466
2114	468
2115	467
2116	466
2117	466
2118	464
2119	468
2120	464
2121	466
2122	464
2123	467
2124	471
2125	472
2126	471
2127	472
2128	469
2129	470
2130	473
2131	471
2132	470
2133	471
2134	472
2135	473
2136	472
2137	462
2138	467
2139	464
2140	468
2141	464
2142	468
2143	466
2144	468
2145	468
2146	472
2147	470
2148	472
2149	468
2150	468
2151	468
2152	471
2153	471
2154	465
2155	465
2156	466
2157	464
2158	468
2159	468
2160	469
2161	468
2162	466
2163	468
2164	471
2165	472
2166	470
2167	473
2168	472
2169	468
2170	468
2171	468
2172	468
2173	468
2174	471
2175	474
2176	462
2177	462
2178	464
2179	467
2180	468
2181	468
2182	469
2183	469
2184	469
2185	468
2186	470
2187	471
2188	472
2189	468
2190	472
2191	468
2192	474
2193	467
2194	467
2195	468
2196	467
2197	467
2198	469
2199	467
2200	468
2201	464
2202	467
2203	468
2204	469
2205	472
2206	470
2207	469
2208	472
2209	471
2210	472
2211	468
2212	471
2213	472
2214	472
2215	468
2216	473
2217	464
2218	464
2219	467
2220	467
2221	468
2222	468
2223	468
2224	464
2225	468
2226	467
2227	471
2228	472
2229	469
2230	471
2231	467
2232	473
2233	468
2234	467
2235	472
2236	472
2237	474
2238	464
2239	464
2240	467
2241	466
2242	467
2243	467
2244	468
2245	464
2246	464
2247	465
2248	467
2249	468
2250	469
2251	470
2252	470
2253	472
2254	470
2255	470
2256	471
2257	468
2258	473
2259	472
2260	473
2261	464
2262	466
2263	467
2264	466
2265	464
2266	467
2267	466
2268	464
2269	466
2270	468
2271	466
2272	463
2273	470
2274	470
2275	469
2276	470
2277	470
2278	472
2279	472
2280	470
2281	472
2282	470
2283	472
2284	465
2285	468
2286	468
2287	468
2288	465
2289	464
2290	464
2291	469
2292	472
2293	471
2294	470
2295	471
2296	471
2297	472
2298	473
2299	465
2300	467
2301	469
2302	468
2303	465
2304	468
2305	468
2306	467
2307	466
2308	464
2309	471
2310	473
2311	471
2312	471
2313	471
2314	466
2315	468
2316	464
2317	466
2318	464
2319	466
2320	467
2321	467
2322	468
2323	467
2324	472
2325	468
2326	470
2327	470
2328	466
2329	468
2330	468
2331	468
2332	467
2333	467
2334	471
2335	469
2336	470
2337	471
2338	470
2339	467
2340	471
2341	470
2342	462
2343	467
2344	467
2345	468
2346	468
2347	468
2348	468
2349	464
2350	467
2351	472
2352	468
2353	473
2354	469
2355	468
2356	469
2357	470
2358	466
2359	466
2360	465
2361	468
2362	464
2363	468
2364	467
2365	470
2366	473
2367	469
2368	468
2369	468
2370	471
2371	462
2372	464
2373	465
2374	465
2375	467
2376	466
2377	466
2378	468
2379	465
2380	466
2381	466
2382	466
2383	464
2384	467
2385	472
2386	471
2387	471
2388	472
2389	468
2390	470
2391	467
2392	465
2393	467
2394	465
2395	468
2396	468
2397	468
2398	468
2399	467
2400	468
2401	466
2402	465
2403	468
2404	467
2405	469
2406	468
2407	471
2408	470
2409	470
2410	468
2411	468
2412	465
2413	468
2414	464
2415	467
2416	468
2417	465
2418	466
2419	466
2420	466
2421	466
2422	468
2423	468
2424	464
2425	464
2426	472
2427	468
2428	471
2429	471
2430	470
2431	471
2432	472
2433	471
2434	473
2435	465
2436	466
2437	467
2438	466
2439	468
2440	468
2441	468
2442	470
2443	469
2444	470
2445	468
2446	468
2447	473
2448	470
2449	471
2450	469
2451	470
2452	473
2453	473
2454	473
2455	472
2456	468
2457	474
2458	466
2459	467
2460	465
2461	464
2462	468
2463	466
2464	466
2465	464
2466	467
2467	465
2468	463
2469	468
2470	470
2471	472
2472	473
2473	468
2474	469
2475	472
2476	470
2477	474
2478	464
2479	468
2480	468
2481	464
2482	468
2483	468
2484	468
2485	464
2486	472
2487	469
2488	472
2489	473
2490	468
2491	470
2492	471